add : 0.00465495170488, 
and : 0.00407308274177, 
call : 0.046025834982, 
cmov : 0.000407308274177, 
cmp : 0.0702897707436, 
div : 0.000116373792622, 
jmp : 0.0218200861166, 
jmp.cond : 0.10473641336, 
lea : 0.00704061445363, 
leave : 0.0001, 
mov : 0.572326312115, 
mul : 0.00762248341673, 
neg : 0.000174560688933, 
nop : 0.0151867799372, 
not : 0.000116373792622, 
or : 0.00570231583847, 
pop : 0.00965902478762, 
push : 0.0131502385663, 
rep : 0.000116373792622, 
ret : 0.00715698824625, 
set : 0.00279297102293, 
shift : 0.0262422902362, 
sse : 0.0290352612592, 
sub : 0.0219364599092, 
test : 0.0154777144187, 
xchg : 0.00110555102991, 
xor : 0.0130338647737, 
