add : 0.00476105457359, 
and : 0.00410640956972, 
call : 0.041004582515, 
cmov : 0.000416592275189, 
cmp : 0.0764149259061, 
div : 0.00011902636434, 
jmp : 0.0223769564959, 
jmp.cond : 0.107421293817, 
lea : 0.00720109504255, 
leave : 0.0001, 
mov : 0.570671903827, 
mul : 0.00779622686425, 
neg : 0.00017853954651, 
nop : 0.0158900196394, 
not : 0.00011902636434, 
or : 0.00583229185265, 
pop : 0.00981967505803, 
push : 0.0133904659882, 
rep : 0.00011902636434, 
ret : 0.00732012140689, 
set : 0.00285663274415, 
shift : 0.0268404451586, 
sse : 0.0296375647206, 
sub : 0.0223769564959, 
test : 0.0116645837053, 
xchg : 0.00136880318991, 
xor : 0.0102957805154, 
