add : 0.000199640646836, 
and : 0.00299460970254, 
call : 0.109203433819, 
cmov : 0.000798562587343, 
cmp : 0.0417248951887, 
div : 0.000199640646836, 
jmp : 0.0173687362747, 
jmp.cond : 0.0900379317229, 
lea : 0.00978239169495, 
0.0001, 
mov : 0.479337193053, 
mul : 0.000998203234178, 
neg : 0.000199640646836, 
nop : 0.0117787981633, 
0.0001, 
or : 0.000199640646836, 
pop : 0.0117787981633, 
push : 0.0155719704532, 
rep : 0.000399281293671, 
ret : 0.00798562587343, 
set : 0.00578957875824, 
shift : 0.00419245358355, 
sse : 0.0247554402076, 
sub : 0.0137752046317, 
test : 0.0363345977241, 
xchg : 0.000998203234178, 
xor : 0.11359552805, 
