add : 0.000224921277553, 
and : 0.000899685110211, 
call : 0.0908681961314, 
cmov : 0.000899685110211, 
cmp : 0.0737741790373, 
div : 0.000224921277553, 
jmp : 0.0195681511471, 
jmp.cond : 0.101889338731, 
lea : 0.0110211426001, 
0.0001, 
mov : 0.456590193432, 
mul : 0.00112460638776, 
neg : 0.000224921277553, 
nop : 0.0128205128205, 
0.0001, 
or : 0.000224921277553, 
pop : 0.012595591543, 
push : 0.0166441745389, 
rep : 0.000449842555106, 
ret : 0.00899685110211, 
set : 0.00719748088169, 
shift : 0.00472334682861, 
sse : 0.0274403958614, 
sub : 0.0152946468736, 
test : 0.0152946468736, 
xchg : 0.00157444894287, 
xor : 0.119433198381, 
